# This file may be used to create an environment using:
# $ conda create --name <env> --file <this file>
# platform: win-64
# created-by: conda 25.5.1
aiofiles=24.1.0=pyhd8ed1ab_1
aiosqlite=0.20.0=pyhaa4b35c_1
annotated-types=0.7.0=pyhd8ed1ab_1
anyio=4.9.0=pyh29332c3_0
bcrypt=4.3.0=py310hed05c55_1
brotli-python=1.1.0=py310h9e98ed7_3
bzip2=1.0.8=h2466b09_7
ca-certificates=2025.7.9=h4c7d964_0
certifi=2025.7.9=pyhd8ed1ab_0
cffi=1.17.1=py310ha8f682b_0
charset-normalizer=3.4.2=pyhd8ed1ab_0
click=8.2.1=pyh7428d3b_0
colorama=0.4.6=pyhd8ed1ab_1
cryptography=45.0.5=py310he482ccc_0
dnspython=2.7.0=pyhff2d567_1
email-validator=2.2.0=pyhd8ed1ab_1
email_validator=2.2.0=hd8ed1ab_1
exceptiongroup=1.3.0=pyhd8ed1ab_0
fastapi=0.115.14=pyhe01879c_0
fastapi-cli=0.0.8=pyhd8ed1ab_0
h11=0.16.0=pyhd8ed1ab_0
h2=4.2.0=pyhd8ed1ab_0
hpack=4.1.0=pyhd8ed1ab_0
httpcore=1.0.9=pyh29332c3_0
httptools=0.6.4=py310ha8f682b_0
httpx=0.28.1=pyhd8ed1ab_0
hyperframe=6.1.0=pyhd8ed1ab_0
idna=3.10=pyhd8ed1ab_1
itsdangerous=2.2.0=pyhd8ed1ab_1
jinja2=3.1.6=pyhd8ed1ab_0
libffi=3.4.6=h537db12_1
liblzma=5.8.1=h2466b09_2
liblzma-devel=5.8.1=h2466b09_2
libsqlite=3.50.2=hf5d6505_0
libzlib=1.3.1=h2466b09_2
markdown-it-py=3.0.0=pyhd8ed1ab_1
markupsafe=3.0.2=py310h38315fa_1
mdurl=0.1.2=pyhd8ed1ab_1
openssl=3.5.1=h725018a_0
pip=25.1.1=pyh8b19718_0
pycparser=2.22=pyh29332c3_1
pydantic=2.11.7=pyh3cfb1c2_0
pydantic-core=2.33.2=py310hed05c55_0
pygments=2.19.2=pyhd8ed1ab_0
pysocks=1.7.1=pyh09c184e_7
python=3.10.11=h4de0772_0_cpython
python-dotenv=1.1.1=pyhe01879c_0
python-multipart=0.0.20=pyhff2d567_0
python_abi=3.10=7_cp310
pyyaml=6.0.2=py310h38315fa_2
requests=2.32.4=pyhd8ed1ab_0
rich=14.0.0=pyh29332c3_0
rich-toolkit=0.14.8=pyhe01879c_0
setuptools=80.9.0=pyhff2d567_0
shellingham=1.5.4=pyhd8ed1ab_1
sniffio=1.3.1=pyhd8ed1ab_1
starlette=0.46.2=pyh81abbef_0
tk=8.6.13=h2c6b04d_2
typer=0.16.0=pyh167b9f4_0
typer-slim=0.16.0=pyhe01879c_0
typer-slim-standard=0.16.0=hf964461_0
typing-extensions=4.14.1=h4440ef1_0
typing-inspection=0.4.1=pyhd8ed1ab_0
typing_extensions=4.14.1=pyhe01879c_0
tzdata=2025b=h78e105d_0
ucrt=10.0.22621.0=h57928b3_1
urllib3=2.5.0=pyhd8ed1ab_0
uvicorn=0.35.0=pyh5737063_0
uvicorn-standard=0.35.0=h5737063_0
vc=14.3=h41ae7f8_26
vc14_runtime=14.44.35208=h818238b_26
vs2015_runtime=14.44.35208=h38c0c73_26
watchfiles=1.1.0=py310hc226416_0
websockets=15.0.1=py310ha8f682b_0
wheel=0.45.1=pyhd8ed1ab_1
win_inet_pton=1.1.0=pyh7428d3b_8
xz=5.8.1=h208afaa_2
xz-tools=5.8.1=h2466b09_2
yaml=0.2.5=h8ffe710_2
zstandard=0.23.0=py310ha8f682b_2
